DSIB
4681
7621
11687
100024
100301
100486
100529
101273
101525
102883
102889
103660
104050
104188
104195
105336
105352
106599
107081
107362
107477
107508
107525
107547
107553
108162
108166
108320
108343
108347
108514
110594
110616
110706
110708
110728
110999
111447
111463
111466
111493
111501
111502
111528
111547
111549
111587
111703
112066
112871
113417
113802
113899
115154
115284
115419
115726
116503
137364
148242
1000470
1001148
1002243
1002849
1007606
1007743
1010077
1012512
1033127
1033146
1033165
1040593
1069895
1071410
1080230
1090490
1186810
1227670
1312693
1473554