Dum_Default;Total equity total assets;Operating roaa
0;14.51;2.5
0;14.7;2.0
0;8.8;3.4
0;7.1;0.7
0;8.5;1.5
0;9.2;1.6
0;10.2;7.0
0;9.33;1.9
0;9.91;1.89
0;8.2;1.1
0;6.4;1.8
0;8.7;1.8
0;11.9;0.6
0;11.6;0.3
0;9.4;2.1
0;10.3;2.2
0;7.4;2.4
0;7.94;1.33
0;12.9;0.7
0;9.0;2.7
0;8.8;1.4
0;10.4;0.9
0;14.3;1.2
0;9.0;1.6
0;13.3;1.5
0;10.6;2.0
0;6.6;0.6
0;10.8;1.8
0;7.7;1.9
0;7.1;-2.6
0;8.0;0.9
0;8.7;0.6
0;9.1;2.8
0;10.9;1.3
0;8.5;1.8
0;14.1;2.3
0;11.3;2.2
0;13.3;1.1
0;7.4;1.5
0;15.9;1.5
0;11.0;-0.3
0;6.8;1.2
0;8.1;2.1
0;8.0;1.1
0;13.1;1.2
0;10.1;1.4
0;6.29;0.53
0;10.7;2.22
0;8.97;1.95
0;8.6;2.0
0;8.5;1.1
0;8.76;3.41
0;8.42;1.71
0;9.7;2.0
0;8.0;0.6
0;9.0;0.02
0;9.5;0.3
0;8.3;1.9
0;12.8;1.9
0;13.3;2.1
0;8.1;1.2
0;7.9;1.3
0;7.6;1.6
0;9.5;1.7
0;7.1;0.6
0;7.0;1.8
0;5.9;1.2
0;10.9;0.1
0;8.9;1.0
0;7.2;1.8
0;7.6;1.2
0;8.3;2.0
0;7.7;1.8
0;7.54;0.78
0;6.7;0.8
0;9.22;5.46
0;6.8;0.9
0;7.4;0.8
0;9.2;1.7
0;8.5;1.5
0;8.8;2.7
0;7.8;2.4
0;8.0;1.1
0;8.6;1.8
0;8.9;2.0
0;11.5;2.3
0;11.3;1.4
0;7.8;2.1
0;8.7;2.7
0;7.7;1.2
0;18.9;1.3
0;7.2;1.3
0;7.5;2.0
0;8.0;2.0
0;7.59;1.51
0;7.4;0.3
0;7.8;1.4
0;8.3;2.9
0;14.1;1.6
0;7.2;0.0
0;12.1;1.8
0;8.4;1.8
0;10.0;1.9
0;7.9;1.9
0;10.5;1.0
0;10.4;1.4
0;10.1;1.5
0;11.3;1.6
0;13.4;1.7
0;8.47;2.08
0;6.4;1.2
0;17.8;10.5
0;8.0;1.3
0;13.1;0.5
0;11.5;1.7
0;10.1;7.2
0;9.0;2.0
0;7.3;1.0
0;7.93;1.79
0;11.1;1.9
0;13.9;2.7
0;9.6;0.9
0;12.4;0.8
0;7.1;2.3
0;7.32;0.96
0;19.3;-6.2
0;6.96;1.62
0;15.3;2.3
0;13.7;2.1
0;12.8;1.4
0;10.4;1.7
0;7.7;1.6
0;8.0;0.8
0;17.4;1.7
0;7.4;1.2
0;8.3;1.9
0;9.1;1.1
0;86.2;-10.7
0;8.9;1.5
0;8.8;1.6
0;8.7;-0.6
0;6.5;2.0
0;7.72;1.41
0;7.6;1.2
0;8.26;1.6
0;7.59;1.87
0;14.1;1.2
0;15.8;1.8
0;7.41;1.21
0;7.52;1.76
0;15.7;1.4
0;15.0;2.4
0;8.1;2.2
0;9.28;3.3
0;8.99;6.25
0;7.15;1.61
0;6.27;1.89
0;11.2;1.1
0;9.6;1.8
0;10.51;-1.5
0;9.4;1.7
0;8.7;0.8
0;8.7;1.9
0;8.4;2.7
0;7.7;0.3
0;18.7;0.8
0;8.64;1.64
0;7.66;1.82
0;8.4;-0.9
0;6.79;1.71
0;7.26;1.18
0;8.49;1.35
0;9.22;0.56
0;7.7;1.2
0;8.7;1.6
0;7.6;0.9
0;9.2;0.8
0;16.7;0.8
0;10.0;0.4
0;8.1;1.3
0;8.0;1.8
0;9.4;1.4
0;8.0;2.0
0;9.42;1.39
0;8.83;1.36
0;10.0;1.2
0;7.1;2.5
0;7.7;0.9
0;7.2;1.2
0;6.1;0.4
0;17.8;0.8
0;13.7;1.9
0;14.4;2.7
0;18.4;4.1
0;77.4;10.8
0;8.19;1.74
0;8.48;1.72
0;12.6;2.0
0;8.3;1.6
0;6.1;0.8
0;14.1;1.1
0;9.3;1.6
0;7.7;1.5
0;7.8;0.9
0;8.4;2.0
0;7.3;1.6
0;9.3;1.7
0;8.2;1.2
0;15.2;1.8
0;9.1;1.2
0;12.1;2.0
0;7.2;1.1
0;9.2;2.9
0;10.5;2.6
0;10.5;1.7
0;10.3;2.5
0;6.6;0.5
0;10.6;1.4
0;7.4;1.4
0;10.3;1.7
0;14.9;2.1
0;11.4;1.3
0;8.1;1.0
0;10.3;1.9
0;11.4;1.5
0;7.8;2.4
0;14.9;1.6
0;8.2;2.5
0;8.0;1.7
0;15.6;2.3
0;8.7;1.7
0;12.6;1.7
0;10.0;1.0
0;8.0;1.4
0;9.3;1.7
0;8.1;1.7
0;7.8;1.1
0;10.5;1.8
0;7.2;0.7
0;14.4;1.3
0;9.1;1.9
0;12.1;1.3
0;10.9;1.7
0;10.6;1.3
0;16.1;1.1
0;7.3;1.7
0;15.0;2.1
0;14.7;2.4
0;10.9;1.5
0;14.27;1.24
0;8.7;1.3
0;10.02;1.31
0;10.2;1.5
0;8.0;4.2
0;6.9;0.7
0;15.9;1.6
0;13.9;1.6
0;9.53;3.15
0;6.4;1.6
0;8.3;0.0
0;10.3;3.2
0;12.3;2.2
0;9.5;1.0
0;11.4;1.3
0;6.7;1.7
0;9.7;1.8
0;11.0;1.7
0;9.7;1.6
0;8.7;1.3
0;10.3;1.9
0;9.1;1.9
0;9.0;2.3
0;13.8;1.7
0;8.0;1.4
0;12.2;1.2
0;7.4;1.4
0;7.7;1.2
0;6.8;1.7
0;10.4;0.6
0;83.22;6.61
0;11.5;1.6
0;20.3;1.9
0;8.5;1.0
0;16.6;2.7
0;17.5;2.5
0;14.9;2.0
0;16.0;3.3
0;12.1;1.8
0;9.6;1.6
0;15.2;2.1
0;7.3;1.1
0;8.5;1.5
0;9.1;1.6
0;13.0;1.0
0;9.0;1.6
0;8.6;2.0
0;9.7;0.9
0;6.5;0.8
0;13.6;1.5
0;9.7;1.8
0;9.0;1.9
0;11.54;2.41
0;7.2;0.9
0;16.3;1.8
0;14.3;0.6
0;7.4;1.0
0;8.7;0.0
0;10.4;1.9
0;8.7;2.3
0;8.1;1.5
0;9.3;2.7
0;9.6;1.4
0;8.2;1.7
0;18.8;3.0
0;7.6;1.5
0;7.7;0.7
0;10.3;1.9
0;12.5;1.7
0;13.1;0.8
0;9.4;2.0
0;11.7;1.6
0;11.3;1.5
0;15.9;1.6
0;11.7;2.9
0;11.0;1.9
0;10.0;1.7
0;9.5;2.1
0;16.7;-0.2
0;9.6;2.2
0;6.0;0.9
0;9.0;2.0
0;10.3;1.9
0;12.5;0.0
0;6.7;1.4
0;8.5;3.1
0;7.4;0.6
0;6.8;1.8
0;12.41;1.79
0;12.8;1.4
0;9.2;1.0
0;8.4;1.9
0;8.18;0.3
0;7.7;1.1
0;7.0;1.4
0;10.8;0.8
0;8.3;1.0
0;9.6;0.5
0;9.1;1.0
0;8.0;1.3
0;7.99;-0.21
0;7.9;1.3
0;7.6;2.7
0;10.7;1.5
0;11.0;1.5
0;7.2;1.3
0;7.98;1.02
0;8.1;1.3
0;6.1;1.3
0;12.13;1.45
0;9.2;0.8
0;9.0;1.5
0;6.8;2.0
0;10.4;0.6
0;9.3;1.4
0;7.7;0.1
0;9.77;1.45
0;7.8;1.3
0;9.5;2.1
0;22.0;1.4
0;8.8;1.7
0;8.1;0.8
0;10.8;1.0
0;5.5;0.3
0;8.8;0.7
0;10.1;-0.1
0;10.1;0.8
0;11.82;5.12
0;8.0;0.4
0;8.5;1.1
0;7.9;1.6
0;9.3;1.5
0;8.7;0.8
0;9.9;0.8
0;9.0;2.0
0;10.45;1.27
0;12.6;1.3
0;9.7;8.5
0;22.6;11.3
0;10.4;-4.0
0;9.4;1.2
0;7.8;0.9
0;11.8;0.9
0;15.1;2.7
0;9.0;0.6
0;9.5;0.6
0;9.9;1.3
0;70.8;0.9
0;8.9;2.4
0;17.8;2.2
0;17.1;1.7
0;16.0;1.8
0;9.0;1.3
0;8.2;1.1
0;7.8;0.4
0;14.7;1.5
0;16.2;1.9
0;9.3;1.6
0;7.7;1.5
0;6.81;1.01
0;10.5;1.2
0;7.85;1.43
0;7.3;2.3
0;9.68;1.47
0;8.45;1.72
0;7.7;0.8
0;10.9;1.9
0;10.8;1.3
0;8.15;2.2
0;9.1;2.0
0;6.8;2.1
0;7.9;1.2
0;11.7;5.4
0;17.8;2.5
0;9.94;1.55
0;7.5;1.0
0;9.0;1.7
0;22.25;3.78
0;11.0;1.2
0;16.2;2.5
0;12.0;1.4
0;22.6;-4.6
0;10.1;0.9
0;16.8;2.2
0;17.9;1.2
0;10.9;2.2
0;9.0;1.0
0;7.8;2.0
0;7.0;2.6
0;8.4;1.3
0;8.4;0.8
0;9.7;2.2
0;9.5;1.3
0;7.4;1.1
0;14.2;-2.3
0;18.7;1.4
0;9.27;1.36
0;8.6;1.4
0;8.0;1.6
0;9.1;2.3
0;8.8;1.3
0;10.5;1.7
0;9.2;1.4
0;7.3;1.8
0;8.5;2.3
1;8.1;2.2
1;11.9;0.4
1;7.3;-0.3
1;7.2;-2.1
1;15.9;1.7
1;6.4;-5.6
1;7.7;3.2
1;7.1;1.8
1;9.2;0.0
1;7.1;-7.8
1;7.5;3.5
1;9.9;1.3
1;8.0;-1.0
1;15.1;1.8
1;9.6;-4.3
1;10.3;-0.7
1;9.2;1.5
1;7.3;1.3
1;10.5;0.2
1;9.8;-0.2
1;4.9;-2.8
1;2.3;-2.5
1;5.2;-6.4
1;8.8;3.1
1;15.0;-1.8
1;8.2;0.6
1;8.6;1.8
1;9.2;-0.6
1;12.0;0.5
1;9.0;0.4
1;7.1;-1.1
1;5.5;-1.8
1;9.9;0.3
1;7.7;-3.5
1;7.9;-3.0
1;10.6;0.1
1;6.9;-4.4
1;5.6;-3.2
1;6.0;-3.4
1;8.9;-3.2
1;10.1;2.0
1;7.9;-2.4
1;6.4;-5.0
1;8.5;0.3
1;1.5;-4.2
1;12.0;-7.5
1;3.8;-2.9
1;5.8;-1.0
1;1.6;-2.6
1;9.0;-3.1
1;6.0;-4.1
1;9.3;-8.6
1;10.6;-11.3
1;5.6;0.3
1;6.8;-2.6
1;9.54;0.08
1;8.0;-4.7
1;6.9;0.0
1;1.9;-4.1
1;4.7;-6.1
1;10.2;-2.0
1;5.5;-5.4
1;7.1;0.4
1;8.3;0.2
1;5.5;-2.0
1;5.9;-0.5
1;16.6;-5.9
1;8.5;1.3
1;5.4;-3.1
1;1.4;-6.0
1;4.9;-2.4
1;10.2;1.3
1;4.3;-3.6
1;6.8;-3.6
1;6.8;-12.8
1;4.4;-5.9
1;9.1;1.1
1;9.0;0.9
1;6.8;-1.2
1;9.7;-27.4
1;7.1;-2.2
1;6.5;-2.0
1;6.7;-3.4
1;10.7;1.1
1;5.2;-2.9
1;6.0;-7.4
1;19.3;-2.5
1;8.0;-8.4
1;5.4;-3.9
1;14.2;0.1
1;8.4;-3.3
1;6.1;-3.1
1;3.4;-6.4
1;7.4;1.0
1;5.0;-15.1
1;3.7;-4.9
1;8.4;-0.5
1;9.7;-7.5
1;6.9;-5.5
1;6.5;-4.4
1;5.2;-2.6
1;10.1;-1.2
1;5.2;-4.7
1;5.9;-0.2
1;2.6;-7.3
1;5.3;-2.6
1;6.3;-0.7
1;2.7;-5.7
1;2.3;-4.5
1;8.1;2.2
1;8.3;1.0
1;11.4;-1.4
1;4.7;-3.4
1;10.2;-3.3
1;4.1;-6.6
1;5.9;-2.7
1;9.8;-3.5
1;5.0;-3.4
1;0.8;-21.5
1;6.8;-5.0
1;8.8;-1.7
1;-0.5;-9.1
1;7.4;0.1
1;6.8;-8.7
1;6.4;-16.0
1;5.4;-1.3
1;5.5;-5.2
1;6.1;-14.2
1;5.8;-12.3
1;11.9;1.8
1;8.1;0.2
1;2.1;-7.6
1;4.7;-4.1
1;2.8;-1.9
1;9.1;-1.6
1;7.7;-4.7
1;6.9;-5.9
1;6.3;-7.2
1;8.9;-6.8
1;6.1;-3.7
1;13.6;2.8
1;6.6;-2.3
1;5.0;-4.4
1;6.1;-4.1
1;3.5;-3.2
1;1.4;-7.7
1;4.4;-6.5
1;6.8;-2.4
1;11.1;0.3
1;2.1;-10.0
1;2.4;-3.1
1;4.4;-3.3
1;5.6;-5.1
1;4.4;-12.7
1;5.7;-5.3
1;3.5;-4.4
1;1.5;-8.1
1;5.0;-2.2
1;2.6;-6.1
1;7.0;-3.2
1;-1.3;-6.9
1;2.4;-8.7
1;4.9;-3.0
1;3.1;-2.0
1;5.3;-8.0
1;6.1;-5.1
1;6.0;-2.4
1;3.0;-3.3
1;3.7;-4.1
1;4.6;-3.6
1;8.4;-3.9
1;4.6;-3.6
1;5.9;-3.6
1;13.6;2.8
1;2.4;-5.8
1;3.3;-2.1
1;4.3;-5.0
1;3.3;-4.7
1;3.8;-5.5
1;3.9;-6.5
1;3.5;-8.9
1;4.1;-6.0
1;12.8;1.6
1;5.0;-1.8
1;3.0;-2.2
1;4.4;-5.5
1;-3.9;-4.0
1;4.0;-5.9
1;3.7;-4.4
1;17.1;0.4
1;1.8;-4.3
1;3.6;-5.6
1;5.7;-4.6
1;5.5;-5.1
1;4.1;-5.0
1;2.6;-2.6
1;1.7;-3.3
1;5.2;-3.7
1;3.2;-4.0
1;4.7;-5.1
1;3.6;-2.2
1;4.4;-3.5
1;3.8;-6.1
1;3.2;-5.1
1;3.1;-4.8
1;5.4;-7.4
1;3.9;-4.9
1;12.5;1.8
1;8.2;-1.9
1;3.9;-1.7
1;3.6;-4.6
1;5.2;-3.7
1;4.3;-8.0
1;5.2;-7.0
1;4.5;-7.4
1;10.1;1.6
1;2.4;-7.9
1;7.4;-2.6
1;7.4;-1.7
1;5.6;-13.9
1;4.1;-5.2
1;3.0;-5.4
1;7.5;-0.1
1;5.6;-6.1
1;9.4;-1.9
1;9.8;0.7
1;7.4;0.3
1;1.6;-8.8
1;3.5;-22.8
1;0.7;-9.1
1;9.7;1.6
1;0.4;-6.6
1;1.8;-6.2
1;1.5;-7.9
1;3.8;-4.2
1;-1.4;-11.7
1;0.9;-13.0
1;4.2;-5.5
1;2.2;-3.9
1;1.7;-9.3
1;4.0;-8.4
1;2.4;-5.1
1;-2.3;-7.8
1;3.2;-12.3
1;9.7;1.8
1;4.6;-1.9
1;1.8;-5.9
1;1.6;-8.9
1;2.1;-5.9
1;0.0;-8.0
1;5.8;-6.1
1;0.2;-7.4
1;3.3;-9.0
1;6.2;-8.0
1;0.1;-6.6
1;7.8;0.5
1;1.1;-9.1
1;2.2;-4.8
1;1.6;-7.5
1;3.9;-9.6
1;2.3;-2.4
1;2.7;-9.2
1;5.0;-4.4
1;0.0;-6.5
1;-1.5;-7.4
1;-0.2;-4.4
1;-5.3;-13.1
1;1.2;-6.9
1;5.6;-5.7
1;1.6;-7.0
1;3.0;-6.3
1;2.5;-4.2
1;3.0;-5.6
1;-5.0;-9.6
1;12.3;-0.8
1;11.5;0.1
1;2.6;-2.6
1;4.1;-8.3
1;4.4;-1.1
1;0.6;-3.7
1;3.0;-7.0
1;2.6;-2.2
1;2.1;-1.8
1;0.3;-9.2
1;2.3;-4.4
1;0.4;-4.9
1;3.1;-4.4
1;3.6;-2.5
1;5.9;-2.2
1;0.8;-4.5
1;4.7;-2.4
1;1.5;-4.3
1;8.0;-1.2
1;0.5;-9.0
1;1.0;-4.8
1;5.6;-1.6
1;3.8;-3.9
1;2.5;-3.2
1;3.5;-4.0
1;1.8;-4.5
1;2.5;-3.1
1;-1.3;-4.3
1;5.0;-10.1
1;9.4;0.3
1;3.8;-4.3
1;2.0;-3.8
1;0.1;-6.6
1;-0.3;-3.6
1;4.4;-4.9
1;8.1;0.4
1;-2.5;-11.6
1;-2.3;-8.2
1;2.4;-5.5
1;9.3;-0.1
1;2.3;-1.9
1;2.9;-7.0
1;1.5;-6.5
1;8.1;1.3
1;6.7;-5.5
1;13.2;0.5
1;3.5;-7.2
1;0.7;-3.1
1;2.0;-4.6
1;3.3;-1.9
1;3.7;-4.4
1;3.0;-2.0
1;10.1;-1.3
1;7.1;-1.0
1;2.2;-3.5
1;3.1;-16.4
1;2.4;-1.7
1;2.4;-3.5
1;0.4;-5.9
1;0.1;-2.6
1;0.4;-4.8
1;-2.7;-6.6
1;2.4;-3.0
1;3.1;-2.8
1;13.0;2.7
1;4.3;-2.5
1;3.6;-2.8
1;7.9;-3.8
1;4.9;-4.3
1;2.4;-5.0
1;-0.6;-8.0
1;3.5;-1.9
1;9.1;1.1
1;9.3;0.4
1;5.6;0.2
1;8.6;-4.2
1;1.3;-4.5
1;1.6;-6.2
1;-0.7;-5.6
1;3.1;-5.1
1;1.8;-5.8
1;8.1;1.6
1;8.0;-2.4
1;2.4;-3.4
1;9.7;2.1
1;1.8;-4.7
1;2.3;-3.9
1;4.8;-2.5
1;4.3;-2.6
1;5.2;-2.3
1;11.5;0.6
1;7.5;0.7
1;3.1;-7.7
1;8.3;-0.9
1;2.2;-3.4
1;4.5;-4.1
1;2.5;-1.0
1;6.1;-1.7
1;1.7;-3.2
1;6.0;-1.8
1;5.4;-0.4
1;1.5;-1.2
1;4.2;-3.0
1;2.1;-7.6
1;2.5;-0.2
1;1.6;-3.4
1;1.1;-4.1
1;2.2;-2.0
1;2.0;-2.8
1;2.0;-2.0
1;7.8;0.1
1;2.0;-3.2
1;2.9;-2.2
1;0.4;-2.2
1;0.5;-4.7
1;0.5;-7.4
1;0.3;-4.7
1;2.0;-2.5
1;0.6;-2.5
1;0.8;-5.1
1;-1.5;-7.0
1;-2.5;-12.2
1;1.5;-5.3
1;0.0;-4.6
1;-3.6;-15.2
1;1.93;-2.66
1;0.69;-2.9
1;2.86;0.36
1;3.99;-1.76
1;2.5;-1.57
1;2.2;-3.94
1;1.35;-1.59
1;2.7;-1.65
1;9.74;-2.62
1;1.57;-2.35
1;0.34;-2.7
1;3.25;-0.58
1;1.27;-7.63
1;0.47;-1.98
1;2.12;-2.98
1;1.98;-1.56
1;1.96;-0.83
1;2.26;-7.48
1;2.18;-1.55
1;0.04;-6.09
1;0.47;-1.98
1;1.99;-2.7
1;2.48;-1.93
1;2.0;-3.77
1;1.41;-0.33
1;4.49;-0.53
1;2.79;-3.68
1;-2.29;-3.56
1;3.26;-1.53
1;2.23;-3.07
1;2.18;-2.48
1;2.05;-1.5
1;7.89;1.2
1;1.05;-4.94
1;1.23;-1.22
1;7.24;-5.22
1;4.1;0.96
1;10.24;1.75
1;0.47;-2.82
1;1.6;-1.04
1;5.63;-8.85
1;7.3;-2.76
1;2.78;-3.13
1;5.22;-5.02
1;2.84;-3.33
1;1.41;-4.66
1;2.56;-3.5
1;8.64;-2.28
1;1.4;-1.37
1;3.35;-5.99
1;-1.94;-7.49
1;12.47;2.3
1;2.29;-2.62
1;7.92;-4.85
1;4.84;-9.29
