FitchEntityID;OPERATING_ROAA;TOTAL_EQUITY_TOTAL_ASSETS;LA_to_TA;NET_LOANS_TOTAL_ASSETS
1024701;0.62;6.26;7.408046146549788;65.08
1003167;1.45;11.38;17.342587881871264;23.21
1006220;1.08;9.93;7.384876304243631;83.48
1003918;2.05;9.48;5.514463566459172;73.06
105357;1.11;10.2;12.825684504729043;63.18
107081;0.56;5.67;16.70054394162392;52.87
107547;0.77;6.71;12.367917332486703;70.11
105336;1.22;6.11;22.573559819289798;54.84
116324;1.28;6.43;19.29520903599209;48.75
1470459;0.7;8.76;2.562572198690071;82.35
1003068;1.7;30.87;11.472294798275138;63.92
134016;0.41;6.48;13.177251876005508;84.06
1003127;1.26;14.56;16.832666718951078;72.91
134599;1.31;9.32;2.0898005482558815;87.83
1101218;0.8;6.07;6.224873889329972;65.91
1000342;0.4;6.8;8.804409644147794;72.65
1004334;0.36;7.13;22.65055219837172;69.64
1318392;0.43;5.57;1.755648664627724;87.23
1046048;0.86;10.65;0.710646248899199;90.33
1003143;1.74;13.9;10.074984495686346;83.99
1181890;0.47;7.56;2.1635190054989906;78.25
136153;0.62;4.99;11.961604620126948;78.4
1437570;1.73;13.4;5.303695684046788;84.93
1101210;0.4;6.53;2.078894327670835;90.04
1367414;0.28;11.42;22.020458871563424;77.13
1181870;0.84;6.67;1.1277161455957119;85.86
1456241;0.03;5.59;79.98934496889764;18.88
1003533;0.69;7.94;22.724641875267753;35.66
1048387;0.98;12.09;9.2698236397911;88.16
100301;1.08;5.53;19.53016643550624;63.11
107525;0.92;6.25;30.290453507708786;50.97
4303;1.14;6.73;27.692174903007082;55.11
110728;1.05;5.88;23.263187111755716;47.9
100236;1.24;6.14;34.9061262989002;44.74
111447;1.01;5.52;31.37450320754026;55.51
1003129;0.65;11.55;18.488942173885757;8.07
1007759;1.0;9.01;15.544811792289936;64.52
1005466;0.94;5.92;13.678290913995786;52.23
1269610;1.22;10.99;29.34129271305064;40.27
1322053;0.38;17.84;46.43222616686105;21.37
1315770;0.12;32.51;59.41997073572942;32.47
1174771;0.52;7.78;5.583107963500005;49.34
1152890;1.15;7.68;8.195847943372742;48.34
1038567;1.2;5.1;8.301368564604221;31.78
1174770;1.16;5.39;21.869106457322516;37.22
1041917;1.18;5.76;17.09110449107614;33.04
1002363;1.19;7.68;11.2041841880566;40.72
1003066;0.68;6.37;8.466535728890737;41.39
1003466;0.98;6.93;6.536071284503555;37.59
1307733;0.66;5.71;14.389977777507056;32.46
1503040;1.76;6.13;16.56234464181138;46.19
1194550;0.84;6.64;8.95906448382802;42.18
1293332;0.87;5.35;3.280934022579965;37.64
1126230;1.26;5.53;14.866457602940548;26.33
1293333;0.95;5.13;20.14268591146589;34.9
1005218;0.66;6.22;8.142752406404487;32.93
1038566;1.07;7.18;7.108212135195615;47.95
1152810;1.013;6.705;24.389176981721832;51.898
1293334;0.61;8.32;11.83868755263393;41.98
1169790;0.8;6.35;7.079711529688031;41.72
1211611;0.42;6.15;5.157569099109895;46.29
1186750;1.21;6.83;5.437492561726318;45.62
1083310;1.92;8.32;5.9771495760436935;28.9
1325971;0.91;6.51;13.171266351365693;36.69
1349850;1.15;8.79;32.4757577645193;33.48
1174671;1.21;6.94;4.2911366828769015;50.65
1268550;1.06;6.72;21.9670824575415;35.72
1152870;0.11;8.65;13.950190955080746;32.72
1110030;1.81;7.9;11.882371924441387;30.85
1329071;0.29;22.16;50.855681594649525;6.72
1007920;1.09;5.98;12.737376297229433;32.73
1008207;1.1;5.54;18.593586852633194;32.19
1055375;0.76;7.93;9.343456523801304;42.52
1009195;0.83;8.47;4.570628331696625;31.56
1462974;0.56;5.47;9.479011921883686;36.46
1105190;0.79;9.32;14.16273920617696;44.65
148322;0.93;8.16;10.310062652435988;35.58
1089250;0.56;6.03;6.898428466475376;44.11
1367310;1.02;7.84;12.993765262155287;40.82
1469188;1.32;6.54;28.734133065189692;38.26
1193370;2.82;8.66;7.009136251941654;63.76
1011503;0.74;6.38;6.365484298922225;34.43
1462781;1.16;8.1;8.587005198699266;40.1
1030064;1.34;17.54;36.44810888627143;28.47
1043610;0.58;5.85;15.224805108519405;34.31
1012828;1.17;7.57;9.598689563707703;46.75
1136011;0.68;6.95;6.569573271606495;33.81
1474276;1.47;6.79;17.84928352947158;36.98
1152830;1.38;7.67;11.376023939669905;28.56
1133290;1.04;5.53;31.33620757800053;32.25
1471157;0.96;6.47;12.959261753840762;42.14
1396610;0.81;5.46;28.315535429863086;28.84
1142030;0.93;4.83;5.922486975932761;44.87
1310750;1.07;7.09;11.289661768359437;46.01
1012942;0.96;5.84;9.935877100802417;42.29
114906;1.27;8.17;39.68850672953222;38.32
1315451;1.42;7.2;18.213467514836122;35.78
1415954;1.15;6.06;23.605152761213166;21.68
1241250;1.13;10.43;27.25439094620822;42.66
1236830;0.24;28.03;32.7447002284953;32.63
1211570;0.84;4.77;10.925792582388366;40.97
1186550;0.18;8.49;46.60991378962587;35.7
1249076;0.66;15.71;57.214875776341565;30.96
1126231;1.17;6.81;12.219823746253573;37.12
1110031;1.25;6.94;18.561606734190097;39.82
1011529;0.61;17.0;65.55991368519324;25.67
1464514;1.06;6.75;9.599445337366934;46.48
1010620;0.34;7.54;22.587625430650977;39.68
1043747;0.63;6.07;16.099088014646927;40.36
1082190;0.5;6.68;6.865972401441142;39.43
1364790;1.16;7.81;20.233941766531895;36.66
1186850;0.84;6.45;12.716994328523414;39.85
1066115;1.18;8.2;15.900565388895846;41.4
1293336;0.72;7.36;13.440000798321872;40.11
1187038;0.95;6.51;13.09841748251374;41.21
1260870;0.29;9.57;18.70016811673715;50.88
1158830;1.43;9.34;9.367866751492812;56.28
1012807;0.75;6.41;9.42798592556481;39.34
1188090;0.95;10.02;27.043991690318357;39.66
1045347;1.32;7.52;9.161687832030605;40.88
1462603;0.82;7.1;9.055664036201279;43.4
1105911;1.17;6.52;7.799303670508788;33.61
1286970;0.81;11.15;43.99395352078266;42.44
1449881;1.03;9.03;11.827642514196885;52.29
1211730;0.85;8.55;3.0718592211534412;48.71
1286950;1.03;8.89;10.913556758851835;49.82
1283390;0.76;8.13;7.061952495139222;46.03
1466220;0.9;5.8;17.81469710610117;40.6
1428611;1.11;8.9;21.161177165743627;40.9
1269030;0.82;7.09;11.621441141205695;45.56
1196510;0.41;19.75;50.068962972188324;24.57
1185530;0.55;10.63;34.25476262962272;41.65
1457964;0.14;19.89;57.20580675169603;32.99
1100270;1.06;8.76;4.120994696158432;60.28
1291570;0.06;22.15;46.004004338035436;33.07
1185910;0.66;11.89;34.23808811210684;39.82
1409634;0.23;75.48;86.04525862069833;7.83
1172790;-0.02;9.55;36.82191985484041;34.33
1212910;0.5;8.6;25.19844882428432;43.06
1008206;1.28;9.81;8.315945704487442;38.13
1185891;0.27;9.41;23.63628410013448;32.43
1006162;1.09;7.8;4.807037976226463;41.24
1411058;1.21;6.91;10.01880843805071;42.34
1492747;0.96;8.67;14.405794509524098;46.18
1099050;1.09;6.61;11.649811684347826;45.05
1171271;0.87;5.07;11.487017393651584;26.37
1188910;0.42;7.6;36.82975952599761;41.3
1059234;1.14;6.76;17.277852595406824;34.46
1255650;-0.42;17.9;41.93632554498819;23.39
1446323;-1.08;14.02;56.984403047595976;34.73
1269850;1.16;14.78;45.49824078652227;30.71
1163370;0.38;9.78;21.132338582123044;53.04
1424491;0.49;7.48;9.7847564698848;44.25
1441774;1.02;7.46;9.853560325249083;43.09
1186970;1.01;5.41;13.056808896325991;31.68
1186150;0.28;9.97;40.717312128903906;50.92
1326990;1.32;7.89;19.75362031824055;42.52
1386450;0.98;6.82;6.635993900451254;46.9
114900;1.08;6.51;13.080679277379112;39.16
1420116;1.19;6.71;19.620575725292845;30.82
1024480;0.77;6.4;26.834729076746022;36.97
1193351;0.65;6.87;9.672363196926097;48.98
1194831;1.11;8.0;12.836564639704251;37.12
1186770;2.4;7.49;18.227248485931547;60.01
1464398;2.03;12.11;20.112992823064214;57.85
1474725;1.37;8.77;9.04571496097553;64.15
1465438;0.94;7.03;9.07161113796278;49.56
1462604;1.09;8.83;10.945961013031331;36.73
1437774;1.34;8.49;11.672438528896386;42.03
107353;1.19;6.79;9.826482985014;49.0
107695;1.41;8.12;7.275014177796506;56.84
107707;0.95;7.26;9.20279035967262;54.71
112029;1.01;6.84;9.53324545617419;51.11
112030;1.5;7.68;10.080001422755643;54.22
112031;1.11;6.76;5.510642597413158;54.03
112032;1.06;6.6;6.463358887010457;46.25
107696;1.02;7.47;8.711517392679449;48.45
113541;1.05;7.58;11.93391721624771;44.6
113968;1.18;8.1;9.329513755903193;54.68
114902;1.19;7.02;6.557100585931135;50.57
114903;1.45;8.21;10.892947889877744;53.26
114904;0.63;5.49;12.466838370096454;51.99
114905;1.04;6.59;9.135958155117427;36.6
107516;0.97;7.48;12.680070730475155;49.49
1239731;0.61;4.79;10.593759746824174;39.3
1185510;0.85;8.98;38.989448068253665;35.3
1463966;0.99;29.98;67.63065912117028;20.81
1312450;0.42;12.87;48.62967914436485;46.57
1359931;0.14;8.74;38.75486461671961;59.75
1000588;2.84;14.27;39.80290865947943;46.11
1001145;2.29;12.31;23.212602137020568;73.83
1271230;3.25;23.83;32.53218884111954;57.17
1003021;0.94;13.12;35.03501556247238;56.8
1003405;1.47;11.33;24.177846174433963;50.36
1271231;-2.53;16.32;60.84361321130659;24.02
1271232;0.51;16.93;39.87711213510048;46.61
1271250;1.36;12.75;50.41192624563937;44.4
1005625;1.65;11.6;24.86091794158017;65.6
111506;0.67;5.79;21.699082753079807;70.35
1271271;1.98;17.4;50.533980582554406;41.29
1314270;-0.8;11.95;45.044319097429465;48.8
1000001;2.59;16.96;38.634879163945136;56.05
1006799;1.18;7.0;31.75011321108217;65.93
1007050;2.38;14.5;43.1698666992801;52.02
1007708;1.45;11.8;39.742256555008574;52.94
1008290;2.29;12.27;37.401549996852054;54.23
1003678;1.7;14.38;17.718756393893432;57.59
1022340;0.31;14.86;31.646900741945004;60.96
1009505;2.91;14.8;5.891496908494787;75.01
1271274;0.56;12.06;46.606994171516824;39.2
1010079;1.41;15.88;35.547335692081276;48.41
1010218;2.38;12.79;32.55072554808554;61.63
1288290;1.78;16.2;33.09411523483903;59.34
1010697;1.58;11.17;30.701656152400858;46.38
1271277;0.15;7.01;71.04477611934121;25.52
1273850;1.58;13.44;50.72018890199965;33.05
111956;1.41;8.61;32.34941585917079;50.23
1011532;1.4;11.98;19.21397379913006;56.63
1008411;0.81;11.48;20.16856600190024;53.09
102931;0.74;4.75;24.875491873492738;48.81
1002255;1.38;19.17;48.79621668099742;46.22
1470788;1.42;92.43;2.126388398911671;87.38
1008740;1.07;13.29;27.097053215121193;53.99
1001958;0.89;12.04;8.828046471995878;74.5
1002831;1.07;12.61;4.137653316330811;78.18
1002944;0.67;6.52;20.906593474160047;53.5
1000082;1.61;16.82;14.178802588996763;71.53
105309;0.52;5.47;29.829175024435635;37.09
1237614;0.27;3.41;48.55579295464448;25.36
111458;0.59;6.11;14.571773891215194;46.03
107755;0.37;4.17;42.80102407108895;23.03
107760;0.62;5.71;26.392916477873435;61.86
113899;0.7;6.62;19.65054853124763;55.71
1134570;0.51;5.03;27.02165676933718;39.32
1237613;0.44;5.53;28.562051037821963;49.03
12624;0.13;3.41;38.61373728692165;26.77
100432;0.37;5.02;37.761228676650504;31.7
1222912;0.52;6.26;3.4806282722513084;61.14
1465166;1.92;8.42;8.222433620969547;66.14
1000247;0.49;4.36;13.022195650549287;74.33
1462821;0.03;5.75;37.963545505210114;6.43
1473734;0.54;17.03;19.93664302911167;65.57
1464298;0.55;9.09;9.09469486009916;80.82
1473732;0.29;8.95;8.168671207521212;70.26
1446822;1.02;15.75;11.561963255100604;74.65
1444786;0.77;6.4;12.449102729864565;78.41
111448;0.86;6.44;34.67142524633408;31.22
1419452;0.55;10.71;14.705760737960352;73.76
1470322;0.46;11.36;2.88511865978151;77.77
1457707;0.43;10.25;13.702507301659328;74.73
1380370;0.26;4.15;10.340310048871991;79.23
1469378;0.67;16.19;8.232846014299435;79.37
1497860;0.44;14.22;9.60198797670506;79.35
1008286;0.65;5.73;22.745232216666782;50.53
1000222;0.64;9.01;23.193055293451597;74.99
1000230;0.6;7.13;3.3299403809800787;78.27
1001589;0.74;6.37;1.721004810261892;70.1
1000832;-0.06;6.0;1.1217948717948716;62.73
1474411;0.47;17.05;43.325128846703024;56.37
1001534;1.38;11.53;9.897414700135277;50.76
1062439;-0.05;13.32;97.50862399386739;1.82
1250650;1.68;10.7;19.806812404677174;58.65
1005157;1.25;11.32;9.097320169252468;33.43
1007321;1.3;10.3;40.200445434298445;53.45
1007270;3.08;15.23;13.62053959965187;25.15
1006770;0.68;11.81;38.388150447915656;47.09
1007106;0.88;7.74;8.199934661875204;36.62
1012635;-0.04;7.03;98.50342964040742;0.08
1033148;0.27;5.13;26.008182871326248;45.58
1003187;0.07;4.9;78.95796598600762;14.21
1415614;-0.06;11.05;52.97411177141088;19.41
1001695;0.08;12.13;74.60687836055595;23.27
1000902;0.66;12.63;8.484990934121281;67.59
1342610;5.03;54.11;23.922171739385426;0.91
1012726;0.77;9.4;11.314475873544092;78.87
1471187;0.1;4.23;70.39989741027523;20.38
1002947;1.47;9.81;24.93302076356329;75.0
1033145;0.53;5.7;70.7019240715286;18.18
107793;2.0;10.78;1.4532831254412804;98.19
1006592;0.35;4.21;8.205072494694328;83.02
1005024;0.0;12.03;20.607122008172798;60.25
1004602;1.34;9.74;23.775100401606426;51.59
1002040;0.35;6.67;18.92987434130523;66.77
1000831;0.91;4.23;52.29650027742956;8.98
1005659;0.97;13.41;14.231637184246923;78.77
1006041;0.46;10.39;31.42321439034394;60.84
1001309;2.16;7.24;29.74279922290734;19.62
1006364;0.88;10.77;65.78828489685289;19.85
1410130;0.24;5.86;23.225991217463246;51.01
1007643;1.52;13.98;3.5169318645441856;86.1
1007584;1.22;7.53;64.649209486166;25.72
1277510;1.79;18.66;43.337174464162246;32.36
1007648;-0.14;6.84;51.29881816545684;43.1
1007813;0.18;10.24;32.03124999999999;67.1
1002716;1.0;10.27;56.6772026866851;5.14
1010176;0.07;5.27;88.69530785982974;10.46
1011099;0.0;7.07;7.59361997226075;16.68
1011193;1.63;10.06;19.805644302449412;56.08
1011943;1.2;6.08;4.450502152080344;65.24
1501715;1.86;13.86;15.535510990454505;49.44
1003886;3.84;13.06;55.62979460529572;22.71
1002650;0.38;2.77;83.98350157386302;2.15
1012643;-1.01;8.17;56.04959384352287;42.41
111464;0.24;6.63;27.794561265870342;46.7
1070445;0.48;5.82;7.297380973113131;77.43
102798;0.11;4.62;36.45136879107526;27.24
108162;0.23;5.63;39.29991207885139;40.73
1037168;1.14;11.97;16.659999272647923;68.76
111463;0.54;6.31;40.695512606165984;40.04
111514;1.42;15.11;8.581865825764474;66.59
111516;0.74;7.1;8.792938892378475;62.1
1096670;0.76;10.32;59.69481306523292;40.01
1010137;0.52;8.98;77.4694424207637;5.61
1054275;-0.49;21.17;17.240809309706425;72.57
1009290;0.33;5.38;1.9226137035496094;22.2
1001937;0.59;18.22;26.13202400436443;33.93
1010990;0.94;18.31;11.916835699797161;29.67
1401630;1.33;7.34;0.9434549150984817;97.71
1383251;3.85;20.51;7.624825847789812;9.66
1251251;0.21;7.12;4.550710029349856;72.5
1003916;1.48;10.45;22.566855552241773;46.82
1492432;2.8;31.54;32.42028173121984;21.08
1004275;2.47;14.59;7.412317039491853;20.46
1004793;2.75;8.19;9.788677566455345;21.92
1005753;-0.02;9.97;23.84259259259259;32.91
1001071;0.31;16.51;42.89894215620077;45.16
1291590;0.45;6.65;7.1466666666666665;33.8
1006803;1.53;7.95;1.8984351649199265;40.96
1008795;0.86;6.71;22.227287071776708;59.39
1475007;0.04;19.73;38.90459183920497;36.73
1391618;0.93;10.09;15.867628874002696;71.41
105353;0.5;6.58;2.864357864357864;85.03
1009111;0.39;10.75;32.67514040792196;22.14
1025881;-0.76;20.68;45.982142857142854;40.18
1009353;0.35;7.78;11.612903225806452;39.61
1011261;0.0;11.19;7.755775577557757;65.7
1373471;1.41;14.46;20.553144200543343;29.92
1192510;0.06;6.78;24.98617456630678;59.57
1391591;1.84;5.84;0.8165048741293819;80.13
1502141;-0.89;5.05;83.21197575560348;10.28
1004597;-0.58;3.09;1.2224938875305622;56.45
1008920;0.44;8.57;8.422519786948081;55.36
1409473;-0.68;15.04;14.227919932908486;59.95
1501231;0.82;10.37;14.017125414100656;64.08
1005799;-0.01;6.93;13.542038443889256;55.26
1010190;0.84;30.85;31.40995812005584;58.31
1012307;-0.33;13.93;34.26966292134831;59.33
1476062;-0.31;7.42;8.385316252168023;63.16
1000895;0.43;7.55;7.322300273842125;61.46
1291591;-0.04;6.59;6.156338598622925;53.04
1065076;0.18;5.33;2.9444211677297862;66.94
111477;0.45;5.77;30.36015490673949;65.42
1498124;1.25;4.1;6.496131502155114;11.83
111480;0.05;5.93;9.970602451644599;80.14
1007520;-0.47;1.79;56.08311064155943;41.39
1007365;1.98;13.58;0.48160443076076226;90.65
1004546;0.75;7.05;14.83892119143356;69.3
1003202;-1.46;8.58;14.094880281480155;79.52
112472;-1.62;5.8;9.576948967816387;62.06
1065077;-4.19;1.92;3.465194725544312;72.49
1003103;-0.11;6.75;18.337165900153305;72.72
1494671;5.41;68.99;13.689564257185339;81.74
1004024;1.31;9.97;8.59757059473103;85.79
1007209;3.3;7.17;57.351991944437266;24.9
1004260;0.92;16.7;23.221634332745445;43.27
1028646;2.25;8.2;2.4801139527658753;93.27
1002424;1.49;3.28;63.04811015022113;8.55
1000316;-6.2;19.43;2.824858757062147;51.08
1391616;-0.04;20.41;30.149528039786578;49.73
1173330;2.13;2.64;78.34338843636482;16.26
1007782;-2.41;4.5;44.5646598760056;37.04
1138470;0.73;5.44;6.929816035485182;91.52
1058393;-3.05;21.89;5.6930488644184445;65.12
1000533;-3.6;5.12;10.891646267690835;58.15
1341890;0.55;5.59;11.72747580044676;30.34
111613;-0.03;8.01;3.8974583256236435;67.78
111816;-2.65;9.1;8.581162694574974;63.22
147923;2.63;14.3;18.187232886446044;66.77
105352;-3.25;7.5;14.43499369763902;58.88
107434;0.26;7.35;9.02904995375825;76.92
107436;0.51;6.65;8.643665900294776;58.94
111775;0.52;7.0;1.358264622243816;70.46
107766;0.58;6.38;8.72486449310562;59.45
147924;0.39;9.24;8.452201419796227;77.41
112066;0.34;7.1;11.383666662065275;47.59
112001;0.39;7.2;24.754630703508905;50.41
146262;0.17;7.85;3.441304922980057;72.21
1356030;0.38;8.58;16.84390342288284;73.17
111492;1.13;9.22;12.805828012138438;54.94
1009707;0.32;4.94;9.693088775623632;68.09
1386031;0.16;4.67;30.08743614930412;59.16
1376270;0.09;2.85;49.84535310632477;11.91
1386010;0.13;4.93;37.85958594053831;51.62
1010544;0.11;5.18;67.1826384565202;6.29
1323611;0.15;5.54;63.3489928083529;8.04
1496483;0.28;7.27;57.57770885898513;15.38
1191470;0.17;5.62;28.910553479334094;1.94
1383655;0.2;7.64;11.53491036141818;37.47
1006274;0.39;4.39;8.684135824712607;83.41
1385994;0.13;6.19;18.179552665321797;55.35
1012840;0.19;4.65;7.613346346720307;65.9
1010559;0.13;4.63;6.4770286336165315;71.62
1471922;0.17;6.4;7.75992714018594;63.22
1005453;0.25;4.87;7.905261392504791;65.47
1305051;0.3;6.98;43.56918340966031;13.23
1386030;0.24;7.72;48.989603771679626;44.35
1008358;0.19;4.52;11.37798705981361;67.1
1385991;0.1;5.86;38.68276610679176;52.06
1246010;0.96;8.29;2.3322837164766255;82.02
1139810;1.04;4.99;19.20330195988188;34.57
141002;0.37;4.46;23.775224058097848;61.35
1010977;0.34;2.7;37.9402478458357;50.86
1220770;0.35;1.87;23.541519486005683;53.0
1177670;3.77;20.79;72.51971200426635;2.07
1010516;0.18;5.54;35.94174363825061;57.95
1334610;1.18;7.33;14.813539401976051;80.86
111489;0.41;9.21;19.18622918448889;55.48
1386011;0.13;6.74;27.67454646892639;59.07
1060973;0.22;3.39;7.404392915477581;63.39
1010456;0.21;5.43;8.473481914442358;50.97
1000198;0.16;7.27;5.423880231324199;55.68
1000234;0.14;5.9;10.565938583576848;54.79
1000517;0.24;4.09;9.957779174254371;58.68
111939;0.49;4.91;10.035655426354086;66.72
1000881;0.56;8.53;7.8915989599984595;55.53
111940;0.47;4.62;16.82943226250182;63.15
1006105;0.19;5.59;12.04587502483474;47.89
1006511;0.27;6.6;6.251541476122583;62.49
1006720;0.3;8.63;9.886248741791348;56.0
1007883;0.18;5.22;11.156290639628255;86.48
1007890;0.19;6.22;6.873472781026467;65.87
1008541;0.36;6.98;5.107053714154563;68.37
1010040;0.17;5.2;7.313001312099068;62.22
1011646;0.27;6.97;8.724844708982998;58.57
111483;0.6;5.9;20.639112189211378;62.86
111484;0.5;6.41;14.85387267173024;65.82
1002312;0.31;5.62;4.792686535858139;73.8
1002320;0.16;5.21;6.963466861210116;60.86
1002374;0.32;6.24;12.103090139379272;53.13
1002376;0.24;5.52;2.382082191492107;66.3
1003050;0.18;5.57;6.378638003566472;61.86
1003053;0.21;5.76;10.748232406060303;55.47
1003057;0.17;4.96;7.461594733500281;61.79
1003683;0.29;4.6;12.415911020668249;62.82
1003698;0.24;5.45;12.913174214808029;51.47
1011645;0.66;7.26;3.966442534327816;61.27
1004627;0.25;4.59;3.818102382491697;66.68
1004628;0.25;4.79;11.487902045634726;61.18
1004595;0.16;5.42;8.142842215893301;70.4
1004594;0.1;4.16;11.087134713068084;65.89
111941;0.28;6.6;6.81217705968708;65.17
111942;0.43;8.57;11.48860133560852;56.58
1005419;0.29;5.21;4.075198666593096;76.67
1005420;0.21;5.67;10.716205472054375;57.66
111938;0.34;5.06;14.398733227570776;63.14
1005517;0.33;4.18;13.078351239683247;65.54
1005519;0.36;5.86;18.092610840091762;53.73
1005570;0.29;4.26;4.737293189415847;56.91
111486;0.28;4.59;16.449157780446892;61.13
1005529;0.14;4.3;2.629354170022569;60.42
1005575;0.04;4.96;8.838152130756589;70.44
106801;0.15;6.21;7.522209447043844;53.18
1007879;0.26;5.19;9.363106625640961;53.32
1008543;0.28;6.08;6.869432466089444;68.22
1010054;0.24;4.13;7.678869101387114;74.88
1011636;0.44;6.73;10.34699369567527;61.18
1011601;0.2;3.67;5.318927231596106;72.09
1005629;0.3;5.98;11.377102685113421;56.69
1006110;0.41;8.93;12.991270343760187;59.15
111487;0.36;6.33;7.855576903375063;61.24
1006217;0.16;5.77;8.090279017773605;67.31
1006231;0.41;7.12;5.4326779532811145;73.01
1006262;0.16;5.13;3.253892444521289;73.31
1006379;0.39;6.17;4.904855250165674;71.09
1006435;0.23;4.36;10.936276892065768;68.77
1006460;0.22;4.85;8.457626047090699;60.09
1421711;0.25;8.1;8.156998506606943;86.46
1006468;0.24;4.48;13.819690101486756;57.37
1006676;0.17;5.06;15.975143470557049;66.42
1007518;0.12;4.32;6.163271841228632;69.07
1007544;0.16;6.17;5.446234441209065;69.99
1007561;0.35;5.55;14.30082254645704;71.36
1007564;0.27;3.97;12.113720465970273;71.35
1007631;0.39;4.68;10.479163943743274;61.93
1007632;0.39;7.1;10.346784914852897;69.71
1007831;0.24;5.2;4.710303440241505;75.99
1007923;0.24;4.33;12.887445962015084;55.9
1008222;0.23;5.21;8.81938276701127;71.03
1008501;0.3;5.36;3.5933965835986155;68.66
1008521;0.24;5.92;7.216852716722083;53.84
1331228;1.04;11.49;15.983137941010344;11.03
1009563;0.26;4.79;36.21467419666042;10.36
1010044;0.18;5.54;6.021902790771489;69.22
1010118;0.32;6.54;10.93624158762928;51.71
1010422;0.24;4.46;8.77587655098063;59.07
1005774;0.25;4.43;12.13861542977881;68.36
1010513;0.34;6.79;8.574322683983077;62.33
1010515;0.32;4.6;7.20471209672445;55.13
1010542;0.23;4.85;8.340696407377237;63.33
1010523;0.16;5.14;13.686231745805696;67.44
1010551;0.35;5.02;11.211764843962827;57.26
1010554;0.44;6.65;5.641043506649463;72.18
111494;0.38;7.34;13.999811640647922;71.59
1010561;0.1;4.3;3.3875771881495496;63.28
1011315;0.3;5.59;5.501630887114958;68.28
1011319;0.25;4.23;12.093375342917714;77.97
1011326;0.16;4.19;7.471148691910402;73.11
1011535;0.37;5.75;16.45860441262725;65.69
1011549;0.12;3.26;19.28969337336797;53.56
1011550;0.24;4.48;4.973178297860676;61.1
1011576;0.39;5.44;7.700121759655697;62.06
1011627;0.5;5.42;18.299025494556936;65.59
1011594;0.14;3.8;11.495263205747499;65.92
1011633;0.18;4.98;6.440511553067674;73.43
1012854;0.22;5.92;6.226165745577938;64.33
1012855;0.41;6.92;15.733567288564787;61.97
1012850;0.32;6.61;13.835779648616759;46.58
1386032;0.24;5.48;23.221029400430087;52.71
1011572;0.2;4.96;25.07021741394787;67.74
1303872;0.41;5.86;6.818688092269931;69.54
1006278;0.22;4.45;3.7002540721198947;70.21
111490;0.36;5.62;31.936770678505543;32.67
111496;0.28;5.06;28.687947007156417;54.82
111772;0.42;5.63;27.663199710629243;43.66
106539;0.65;8.61;27.718194173694442;49.04
108566;0.49;4.79;31.34409971289603;49.19
108273;0.3;5.02;29.377572103684567;44.15
1003134;1.44;10.68;34.047927062157335;64.69
1023040;1.2;15.07;23.994075536904468;50.25
1055133;0.21;10.06;28.581986849482643;33.22
1001199;-0.02;3.68;9.625138023318923;85.09
107784;1.25;13.24;22.00996223110187;60.18
1413190;0.73;4.43;8.751552183548931;85.5
1011722;0.51;10.23;15.977096230168748;66.63
1258790;0.88;5.43;13.72964944006552;69.92
104050;0.6;6.57;18.228464438109356;69.61
100941;0.85;5.24;16.914209552437732;67.88
135894;0.84;6.04;16.92215699065014;67.84
111472;0.76;9.2;16.64176711758727;62.1
1436351;5.66;13.27;3.268950072195658;75.55
1092610;2.92;12.19;10.867410807425824;75.57
1025922;1.03;8.63;29.340299848296088;63.26
1475417;0.82;13.97;20.189202504745936;72.2
1473547;1.96;13.48;18.220271206930228;70.7
1240890;1.37;9.55;26.041262843349045;70.1
1169464;0.95;10.18;5.045596352301414;82.82
1299550;1.05;9.62;9.949813825482961;81.6
1004471;1.18;10.79;3.235913134987197;83.81
1046887;0.76;9.86;17.19738539230051;81.3
1069855;0.91;10.82;12.01463392736788;87.13
1170055;1.41;13.39;3.4231556378621937;84.5
1170061;1.07;11.8;3.509606239297015;80.97
1470067;1.18;9.2;4.818121398570159;74.81
1399970;2.03;14.05;0.22941378812906632;97.81
111680;0.6;7.36;12.632026564776528;85.23
1299551;0.66;8.73;2.23468582946288;91.54
1465041;4.11;15.08;10.774529593609435;80.24
1008989;0.18;8.5;1.7022759563574137;64.01
1008144;0.18;3.44;5.209328273052003;36.18
112852;0.92;9.03;4.9572296660264685;72.9
1007114;0.5;10.23;4.0965187127187805;69.26
1008367;0.15;10.52;2.694160859531074;75.6
1439541;0.48;8.81;1.1401029862902101;73.34
1432770;-0.98;16.38;1.3272226186784368;77.69
1462727;0.57;7.23;0.031007075008637155;94.91
111752;1.45;12.21;10.957118607533545;68.95
1008372;0.59;13.23;4.389622375680745;66.18
1000984;4.65;18.08;0.9123312045605262;78.72
1065696;0.79;11.85;3.167782552217268;78.55
111750;1.6;16.1;5.717558599921615;46.1
111751;1.81;12.55;5.172926947099626;71.33
111796;1.56;9.36;4.427844864733063;72.3
111808;1.43;10.87;8.122641222303331;64.23
111955;0.36;9.42;5.224961502690683;62.73
112427;1.58;10.93;3.7571653074019733;66.64
113943;0.52;8.68;0.16518466165850826;88.48
115064;2.22;15.29;5.549260386810189;70.63
1005624;0.36;16.78;3.1114952463195173;90.23
1261831;1.44;9.63;2.5568214511768077;73.75
1194570;3.53;11.91;3.237774030354132;84.76
1464219;1.07;5.34;34.95034914431259;5.01
1000951;0.8;7.75;69.55526813252413;6.88
1008072;0.49;7.4;14.71322399131281;50.14
1008969;0.84;6.0;20.03783541594066;73.59
1474601;-5.22;10.6;46.74741947159614;11.01
1000360;1.32;17.2;8.939540898803749;41.55
1251253;0.44;13.35;41.95381621611154;35.1
1004836;0.6;9.02;21.70818505338078;22.82
1473710;0.78;12.67;58.869138367210304;26.76
1387930;0.96;3.68;16.947610392818387;15.08
1011618;2.8;14.59;27.08688401919961;28.7
1464111;0.6;11.12;52.02572815983066;43.09
1307050;0.31;6.64;20.82408092770787;51.79
1473841;2.93;11.44;45.294629537543514;4.94
1469323;0.44;7.17;23.532754010690144;64.43
1451184;-3.77;9.07;8.754235920606746;49.55
111513;0.62;8.87;15.260611767128268;59.26
111600;0.73;9.98;5.320859889212463;63.42
111727;0.73;9.53;6.999615387210613;68.77
1047648;1.25;7.23;4.992298882350619;78.26
1005884;1.0;7.26;2.894234035611137;68.18
1010612;0.84;13.89;8.681405416610097;78.74
111519;1.17;9.23;11.994252181663757;51.84
111521;1.21;10.33;21.63403351549001;64.76
107777;0.97;9.62;15.506141457299535;62.41
1000546;0.15;27.28;81.60883280757098;11.15
1001524;1.3;11.13;59.524172639926796;22.04
107433;1.08;26.16;19.889152640680553;40.98
1001871;0.64;7.34;6.916885061774616;47.54
1003859;2.39;18.48;7.797096253808926;1.7
1004265;0.78;10.4;7.434772569845302;22.5
107477;-3.18;5.12;12.793814915937975;58.38
1003252;1.17;67.93;36.59420289855072;61.41
1001061;1.01;6.11;11.798375779971876;74.51
1005839;0.57;7.62;7.665151368604313;79.63
1434170;0.69;6.54;5.117136343793957;52.15
1001766;-0.04;7.13;18.92070869128103;76.83
1010371;-0.94;12.54;1.9694533762057875;9.89
1000962;1.92;7.78;37.67029760842498;6.86
1009021;-2.59;10.43;9.918957695141339;87.24
1328330;0.63;8.08;5.368588323556691;56.45
112347;1.02;7.73;17.137230294800883;54.51
112153;0.92;7.4;18.653331533159548;57.47
1002849;0.39;6.36;3.6757024081027656;57.39
1186810;0.51;6.44;9.755283462713429;56.21
1347670;0.44;5.65;9.242661042800385;59.09
1325031;0.74;9.52;8.696643727466283;73.13
1321611;-0.14;7.56;5.076701821668264;60.44
1001317;1.3;8.04;6.693629178880189;81.53
1466803;3.45;13.76;11.05002011532788;87.2
1049947;1.84;12.37;16.689466484268127;67.88
1134510;0.68;13.23;31.037908598589624;56.9
1323290;0.77;10.93;33.013216346242466;63.82
1053575;0.96;11.5;4.129567330050065;63.06
1012565;0.54;4.54;0.0894198270392239;82.9
1412374;1.21;8.19;18.315842839036755;76.54
1465183;3.21;13.89;17.727218864794406;79.91
1036512;0.26;2.52;0.9050218693910675;14.75
1008548;1.15;11.14;4.099812973717886;95.11
1010637;0.29;5.42;0.624955000359997;85.23
1006952;2.08;30.27;6.173846546010705;57.41
1003863;1.08;7.01;5.431489076755672;79.04
1010632;1.44;10.47;28.595270950658264;69.86
1010644;1.83;26.93;0.936863199370915;65.69
1475321;5.11;12.03;25.103581003653474;70.22
1011525;1.23;20.81;0.9461633077869239;71.69
1012206;1.71;21.22;8.564496408375364;72.37
1012353;0.94;10.73;10.07775119617225;71.22
110706;0.74;5.12;17.24661968639421;74.42
108514;0.83;5.52;17.41321940406147;56.5
111547;0.98;6.04;15.979266359220404;68.19
1000411;0.46;9.48;10.960695517400044;85.94
1000333;0.13;8.35;18.354829464029805;76.43
1000069;0.58;15.42;53.2582578235822;33.14
1006084;0.23;4.36;75.96048298572997;21.96
107430;0.52;7.52;18.437084134259944;79.17
1005125;0.28;6.91;13.49680986571163;85.24
1003653;0.45;7.48;14.785096288026791;82.91
1010319;0.42;8.31;10.094637223974763;85.34
1005241;-6.41;7.43;61.021953426353626;18.35
1465762;2.26;9.65;3.656153221684356;93.44
1001711;0.36;7.56;10.49469964664311;86.17
1001079;1.05;13.54;84.77137690519247;7.96
1012974;0.34;8.89;9.29883764529434;86.58
1006983;0.42;6.9;12.135016384770246;86.6
1007790;0.43;7.61;12.052139037433154;83.44
1245490;0.34;10.73;75.23599116288412;15.51
1001267;1.41;19.79;38.512179065174465;44.92
1001102;0.77;9.29;69.9524940617577;26.08
107549;0.86;7.61;30.90608829681823;66.57
1033047;0.22;4.37;35.66311592848688;55.77
1036647;-0.4;7.6;72.92876796086823;16.57
1010473;0.87;22.61;49.562238294632664;29.27
1011294;-0.17;7.58;52.283447684391085;30.13
1476022;-0.82;6.86;6.382499205651743;92.54
1379630;1.18;6.25;44.57417457528873;44.64
1001326;0.38;8.07;13.080808080808081;84.26
1005762;0.33;6.03;8.727356463002764;86.11
1476023;0.42;8.9;11.084278057460894;86.02
1000820;0.92;10.53;13.695299837925445;83.77
1309233;0.31;5.11;12.76858048608665;83.97
1010350;0.84;7.62;46.90651512726109;44.88
1061775;0.49;9.05;10.791455990093901;86.08
1002743;0.89;13.2;47.91781797639661;43.64
1161810;0.31;7.22;7.8847711814910415;90.6
1012181;0.6;10.21;7.871878393051032;89.79
1367592;-1.58;24.62;92.60248749931536;0.41
1003654;0.81;18.87;14.558570937822054;79.62
1010262;0.32;7.94;14.540482701224585;82.77
1161790;0.07;7.09;14.618181818181816;78.69
1495865;0.69;5.37;79.43061830831566;17.92
1004902;0.44;7.74;9.438202247191011;88.64
1005224;0.75;11.05;55.38781529438842;30.32
1000371;0.22;17.4;48.9242863053372;35.85
1477629;1.38;27.7;72.74514992812568;12.56
1213470;0.0;14.02;90.85365853658539;3.66
1006191;0.41;15.13;35.38080064382116;61.95
1105710;0.6;9.18;11.41722511789526;87.34
1102630;0.03;7.04;59.226377847729815;37.75
1008107;0.63;6.42;14.496754231632591;84.26
1405091;0.5;11.15;68.6363583121469;18.28
1463328;1.94;7.64;64.38057487971936;22.42
1005834;0.22;8.99;27.012450513511965;65.41
1042068;0.36;8.62;7.035445757250268;88.99
1009389;0.61;7.92;14.666617221686568;83.23
1009711;0.52;7.1;13.96634989873812;83.72
1005082;0.13;9.13;8.934793429566948;89.65
1137830;0.5;9.33;11.555853290906045;84.63
1012822;0.63;13.27;16.999556147359076;79.89
1004561;0.37;8.05;13.39297460860413;84.44
1009496;0.37;10.67;9.22245803588655;84.66
1011711;0.4;9.54;15.065856129685914;83.56
1012971;1.81;16.55;80.4959465903672;8.2
1010856;0.49;7.2;12.955061280072627;85.86
1012966;0.49;6.85;44.64092847859117;53.04
1463429;0.66;5.09;34.59749922496641;63.49
133932;0.71;15.94;49.63518512233962;38.07
1458824;1.29;8.79;8.524945285822035;72.43
1417092;3.25;18.01;11.939129267043489;50.7
1162951;1.33;15.87;28.024439918530593;42.36
1010434;-0.25;46.28;96.84326104859892;1.76
1001275;1.87;18.55;55.222734254986335;34.24
1195937;2.89;19.95;23.752598752598246;68.51
1473762;3.0;8.67;20.971256733147566;78.47
1084430;-0.43;12.86;4.098360655761421;68.6
1008821;0.28;4.93;17.56578465146944;57.96
1123712;-0.03;8.36;48.17038393419986;33.7
1004052;-0.2;6.07;35.64542243155772;27.87
1004862;1.55;17.91;80.38638689866997;16.65
1494746;0.83;11.2;20.672285771296096;62.81
1284231;0.8;8.74;19.859686994059377;78.9
1040949;-0.46;15.32;11.178803379504568;67.02
1409230;1.27;14.42;32.02403511717719;58.25
1006208;0.81;13.2;19.701751617487595;59.8
1320890;0.26;10.27;28.14933333329802;68.33
1373451;0.15;6.71;13.524915927850811;58.82
1473773;1.7;10.59;11.850268615331325;62.65
1473774;2.0;33.03;20.00268024309768;79.17
1473775;0.65;11.39;12.817956127142322;62.81
108389;0.09;10.23;9.023255813957269;75.07
1188031;-8.16;13.18;51.88594782491588;41.58
1001931;0.29;2.64;73.10821308408406;12.21
1009406;0.17;4.98;42.74371415969254;21.7
1005188;-0.39;14.96;10.34838250977683;41.54
1224011;1.17;12.62;7.231618916120124;68.38
1010384;1.48;13.17;13.766123916262258;84.49
1471397;1.91;10.69;13.583101529902514;84.22
108731;1.69;10.82;13.492628544636792;84.12
1462327;0.41;4.69;18.732760343793636;72.55
1005256;-2.56;8.22;7.373994900954213;66.35
101683;0.13;16.05;10.859988507949625;42.92
111535;-0.1;12.31;25.88641448489428;41.79
1012654;-1.63;16.8;24.33497536946542;67.64
111530;0.76;3.56;23.129007049432555;72.43
100361;0.14;5.82;44.447966649636115;27.75
107559;0.35;5.83;44.25068475744054;27.66
111533;0.29;5.38;38.16842274945411;34.24
108048;0.69;7.85;30.47877860440143;38.19
111637;0.78;10.77;28.957533158518935;49.81
111531;0.77;6.22;15.100057106059317;54.52
110803;0.87;6.05;16.45296382628441;55.24
108594;0.22;9.94;45.1603305785124;45.73
111700;1.01;10.4;49.86093728271183;7.66
111536;0.96;4.8;33.93879293399014;56.3
111540;0.47;8.18;29.785070327471708;37.47
1095030;0.43;7.81;29.83401682891209;37.48
111382;0.25;6.65;24.79039530875706;43.79
1152291;0.22;3.85;66.62336498835258;31.61
1011927;0.49;4.05;68.24893634771001;31.17
1012594;2.06;15.61;6.961717758249863;55.93
1004576;1.75;12.0;1.4170927361808485;75.53
1200249;1.29;11.71;12.831985158711753;66.71
1208305;0.63;10.24;7.945377558745379;86.24
1012078;0.52;8.53;3.081035282775604;68.77
1000366;0.73;8.06;29.879509605371595;44.48
115298;1.93;12.59;9.940804487202072;80.25
1012079;1.54;14.11;10.123573818011966;71.89
107382;0.74;8.14;2.9279196337959412;75.58
1103990;0.97;8.16;2.236612032357858;48.4
1207129;1.47;8.93;3.443311394202886;68.08
1199553;0.39;17.85;31.86516726302039;26.13
1208036;1.0;9.72;2.912770309760374;48.17
1203282;1.56;15.33;75.5543937445381;24.05
1209682;1.25;10.85;5.636020664169641;61.97
1000775;0.8;16.81;14.048848469688577;37.24
112398;1.13;10.62;2.3488634575043874;67.59
112399;1.2;10.89;2.337975174652097;67.72
115292;1.63;8.6;13.709476929196498;77.77
1476158;0.68;13.32;20.93508308789916;54.55
1208751;1.02;6.88;19.30556588044136;45.85
1012097;1.63;11.19;1.4792610671201678;72.37
107503;1.11;9.64;4.872923658843399;70.09
1199661;0.79;7.93;7.863391715963121;81.12
1200546;0.87;10.37;3.7701141266897933;24.9
115287;0.88;6.8;6.548946274254036;61.74
1200534;1.49;9.89;10.066115299226622;43.28
1205323;1.09;17.97;12.882682514796857;28.54
107519;1.51;6.8;2.748717244186161;56.9
1012095;1.97;14.12;3.667036168952978;77.84
1007245;1.41;12.13;8.247449832352435;67.39
1209304;1.24;15.67;2.9489925970116877;57.2
107532;1.95;15.08;6.9926236778069555;56.2
1844;1.55;8.59;2.8450842060250654;82.71
1464270;0.99;9.85;41.67514647602316;42.06
1201671;0.97;13.03;7.244261081138263;76.6
1202737;1.75;13.41;16.855193725960216;77.75
1206309;3.95;9.39;27.887606698166543;22.16
1008820;1.19;8.96;1.4312961210789126;78.79
113067;1.5;9.3;2.2545796109006107;67.47
1206397;1.01;10.73;1.829205226582085;77.44
1002416;0.68;14.65;2.992176861505388;73.52
1002544;1.37;8.81;1.534795376869104;76.83
1199096;1.94;13.61;6.680137613302668;75.25
1010354;0.99;10.43;8.289152919457528;77.22
1496759;1.69;10.99;2.3462789976267078;68.43
1213563;0.53;9.89;6.158730347642908;74.97
1200256;0.96;10.17;9.591841125718096;47.91
1210011;1.39;9.09;9.951856798121849;40.1
1204319;0.72;5.44;7.448242341772311;44.92
1047348;1.65;6.66;6.38293586851434;8.38
1198305;1.34;11.13;5.730566756272402;62.65
1209943;1.67;13.19;3.1566350557006655;63.96
1002485;1.88;19.5;3.253963316500001;34.23
1198636;1.09;10.27;4.959327927310567;75.46
1200531;1.68;8.23;8.210921718067718;62.3
1201638;1.12;16.38;3.4600380498491456;28.08
1040666;1.13;10.68;15.31251957068594;52.18
1201639;-0.36;8.33;10.20575747678813;80.43
1201641;1.09;15.63;4.334178259844376;87.79
1200528;1.27;12.71;4.44082702214458;54.45
1200248;1.4;10.88;7.913339390171982;69.54
1004390;1.49;10.34;2.8447406148781393;69.44
1004335;1.52;12.09;2.6554913075078463;75.61
1209329;1.18;11.36;12.30031077912873;52.41
1002568;1.3;9.61;4.656784879520011;81.02
1002624;1.61;15.33;2.693528903223635;65.18
1105030;1.6;15.52;2.702017336066161;65.24
112897;1.74;10.93;4.9970871076054095;55.68
115258;1.75;9.74;5.025884568892003;56.0
1205337;0.86;12.98;8.075468587385494;79.83
1210218;1.13;7.72;13.19601514650944;52.49
1201612;1.23;9.52;10.530721164205326;45.32
1204304;1.41;8.55;5.538329650692457;87.09
1202106;1.22;13.91;2.3395231010900224;73.6
107769;1.32;10.37;15.979552812989805;40.84
1205050;0.47;10.81;5.497237185626552;61.7
1003214;-0.11;14.16;36.595894138812106;27.34
100580;4.84;90.24;22.335863900026265;74.77
1201005;1.2;10.27;12.050000727439503;62.35
115242;1.59;7.58;1.0562831407873072;5.47
1471992;1.14;14.27;2.9510435799853307;74.93
1003570;2.49;12.71;2.54677445427742;85.2
115241;1.35;12.17;3.2920148425039484;75.01
107825;0.58;9.77;4.791879805394104;89.9
1209747;1.55;10.37;6.014680451546346;42.61
1204765;1.19;9.8;3.0197603915552635;85.59
1204321;0.96;10.38;8.956196422377484;79.21
1199039;0.83;10.14;13.67803904447078;54.99
1004012;1.74;11.55;12.649178962940994;70.72
1210225;1.14;17.9;27.56688142169425;57.62
1209330;2.64;9.66;15.298506023352786;73.36
1205348;0.1;11.17;15.125064025951854;72.16
1200543;1.49;11.56;6.233779910784808;88.32
1205328;1.45;8.99;5.002037170526844;56.27
1200232;0.65;13.85;7.155531505228849;70.68
1199552;0.55;25.77;4.892727779325718;32.66
1200743;1.07;7.99;1.1611291269234931;89.55
1204768;1.31;8.95;4.345439682354315;83.55
1004143;0.84;8.15;2.650794703203496;39.16
1390110;1.42;12.09;3.697949305658653;58.95
1205089;1.42;10.09;9.985153831574957;80.45
115230;1.55;12.63;1.452063263536869;73.8
112910;1.45;12.15;1.4680362244766019;73.53
1202239;0.11;12.18;29.739866534849234;53.21
1203303;0.65;19.22;19.112703224028657;68.28
1204463;1.68;13.78;2.4699727851023017;62.89
107919;1.33;11.69;6.261815278708774;61.72
115226;1.65;11.78;6.294383736182023;62.04
112913;1.38;13.25;2.60720071219457;73.62
115223;1.67;13.48;2.4730176202416247;73.95
115219;0.78;12.35;5.5969570868160305;25.99
1204680;1.24;14.59;1.5538316924174431;66.52
1204773;1.05;12.69;27.408245385419498;53.76
1209733;-0.17;4.41;11.435716612689957;70.3
1204839;1.56;11.41;4.034750290737865;70.69
1205330;1.38;10.33;17.075928917609044;63.91
1209740;1.78;10.36;8.518757186358869;46.27
1200246;2.37;10.93;10.318401366152644;79.1
1004346;1.28;10.63;1.147866653273959;62.37
1004058;1.62;9.33;4.9945977704557585;68.21
1204479;-0.03;11.28;2.8784939508848937;72.48
1204083;1.78;10.31;3.1894649655302962;76.72
1004376;1.23;8.27;1.2052210041923688;71.93
1207890;0.89;10.17;9.243208871580313;78.9
107975;1.37;10.27;15.980831296298732;40.84
1005070;0.95;11.55;7.622315096148789;82.75
1201637;1.02;10.91;5.648337624045592;29.25
1004910;1.48;9.47;2.620107509188613;68.04
1005002;1.61;10.68;5.544575833939532;84.54
1473854;1.91;14.97;2.520602704542492;77.09
1005212;1.22;10.54;1.723235011712555;68.81
1005226;2.06;12.79;2.9532620638507137;82.17
1204776;1.21;12.91;5.496330600144478;68.71
1473858;0.65;12.78;3.0596186941694254;83.16
1005336;0.74;12.01;4.220458519899303;63.57
1005591;1.77;9.54;11.12057102726601;55.09
1005401;1.2;9.76;8.394110274696459;68.94
1005561;0.96;8.74;8.000634411539242;78.54
1007931;1.89;13.57;3.6655647280542762;77.8
1005728;1.1;9.51;33.162950356246576;51.83
110999;1.81;23.97;13.585222374695485;73.03
100280;1.15;11.88;9.847788164903347;68.41
108799;1.05;9.76;1.8211484896199461;71.21
112871;1.56;13.4;1.4758033224749822;64.66
1203601;0.9;14.9;4.971129428722638;69.68
1090490;0.95;14.12;10.170586770683936;64.02
112873;1.57;10.86;11.241660907495177;52.82
107529;1.56;10.14;11.237826711759391;53.08
101041;0.97;10.72;15.478315959223638;51.44
113978;0.01;17.58;25.394556152961506;63.56
1352010;0.83;8.61;5.190487605901297;75.76
1126390;2.89;16.31;26.54514239547566;72.24
110631;1.3;11.71;26.900380762111563;42.99
103464;1.9;11.86;14.136945882557134;52.26
115284;1.01;13.53;9.878500652147999;67.38
1207537;2.17;12.58;2.691065447027216;85.31
1203467;1.21;11.4;2.83177283092343;77.84
115280;1.6;12.89;1.275934042031313;64.36
1041327;0.9;20.88;5.23863331190639;65.01
113803;2.29;12.93;1.971807076306322;57.69
100024;2.65;12.64;2.4280250648627595;77.52
100042;1.58;13.33;3.943204833564766;67.8
108036;0.99;12.99;19.43629734552907;53.59
1012089;2.17;13.63;3.428901922496228;81.78
1058613;1.92;12.62;3.451221725752159;81.64
1012101;1.48;10.19;1.465918242544067;66.57
1002798;1.39;8.89;1.4633227756490914;66.45
856;1.38;10.31;21.44379326793664;45.16
100188;1.22;10.97;35.19952426916338;36.67
1080230;1.3;13.9;2.734249550827475;74.86
113804;2.35;13.12;1.9735929678709037;57.74
134768;1.26;13.27;2.3777739408675735;72.0
107713;1.35;8.17;4.64370208067674;64.22
1080070;1.26;13.58;1.4643672842646867;77.56
111587;1.81;10.35;8.300155748383341;67.68
111548;1.73;11.11;8.417898317030449;67.6
112900;1.66;15.25;2.092861121672986;57.78
115252;1.39;14.08;1.9028137989974123;59.02
103660;0.85;14.01;4.632756804147948;70.34
1202847;1.46;9.35;1.622405275925997;78.43
106060;1.3;20.88;74.86517630790505;21.56
1003585;1.99;10.34;9.631585511041932;77.57
107827;2.03;10.32;9.639416608827334;77.63
110708;1.97;11.52;4.314743559494072;64.18
110709;2.29;12.06;4.377665489460467;65.08
112730;0.55;15.24;5.8427480746689495;70.56
115227;1.85;12.27;5.034218922768702;59.07
107926;0.96;11.06;9.789231208385612;68.0
100063;1.5;9.59;6.770748315297757;72.23
112914;1.54;9.61;6.743389227978962;71.94
101525;1.1;8.91;2.6169773660569082;71.27
100263;0.58;16.57;5.7937822430362145;70.65
1090331;0.82;12.48;6.513719708459734;69.29
115206;1.36;11.79;3.4041163250905204;81.42
112892;1.17;11.18;2.0153962568591695;78.4
104188;0.53;12.9;31.80212565802235;36.47
1407617;1.89;14.33;11.90488909518677;60.66
110616;1.42;10.38;1.4958721548852203;67.11
108066;1.6;11.24;1.4102617183383903;67.14
1049670;1.49;9.69;2.083854158985425;73.27
1023181;1.21;14.22;8.885707102344153;86.65
1000857;1.54;7.51;36.37341504489196;44.18
1005932;0.79;13.45;7.696325262481252;50.17
1005947;0.18;10.06;1.2146997849055974;80.17
135921;1.88;15.14;4.059752128663876;53.41
1005957;1.23;9.46;10.964565347049792;76.81
1005971;1.35;7.82;7.570117328454598;58.09
1200540;1.21;8.84;9.312906439491995;71.72
108118;0.98;9.6;6.11950065384438;63.09
1006168;1.21;12.35;3.5109866225128523;79.07
1205347;1.04;8.24;5.867454622203462;37.29
1199362;1.34;10.08;3.312930706659204;54.39
108161;2.1;10.34;3.5606660343998002;80.83
1210207;1.61;12.52;4.041279389191914;69.9
1204764;1.59;18.81;2.1751517890476095;53.89
1208657;1.67;10.63;8.60250296995911;80.66
1476170;1.65;10.65;6.221829580108902;69.26
1204770;1.71;10.0;8.201380430369468;87.24
1007529;1.55;14.79;2.8921423308698375;71.68
1007331;1.47;14.98;2.8836846229440622;71.47
1199871;1.12;8.04;4.360650429538486;73.11
114245;1.1;12.51;2.9553100283039866;66.39
1007261;0.75;11.03;5.880997128906111;73.02
1376735;0.82;8.2;2.5942824984327806;81.82
1008262;1.36;9.91;5.173870547239444;82.15
1204368;1.21;10.27;5.07172679584627;65.98
1202772;1.74;15.18;10.189454302099008;79.94
1202102;1.75;13.99;14.60387716967716;52.37
1204305;1.38;10.94;14.428941381480225;76.49
1004053;0.87;20.05;32.96489776390926;61.99
1200542;1.52;14.05;7.932030471428813;69.93
1202967;1.61;12.61;1.9861540848933212;65.23
1008029;1.39;10.99;1.7429430259322993;71.91
1049789;1.8;14.12;8.516591696090012;78.69
1200240;0.88;12.23;13.545535992913155;64.14
1208997;1.49;9.84;3.5798798174802893;78.89
1209328;-0.49;10.78;14.50349426757411;65.89
1200535;-3.91;24.39;19.286684533206063;73.24
1008481;1.38;11.5;2.973219409156466;80.07
1205327;1.35;12.35;7.8572090365817875;73.32
112905;1.09;12.3;1.6897424700385595;63.28
115166;1.24;12.91;1.6669424519127816;63.63
1205341;1.2;12.82;2.631507111074714;75.69
1202891;1.31;13.67;6.680442896299345;68.09
1008716;1.01;14.25;4.617344806475442;68.3
1206917;2.43;20.79;1.584034860641847;69.37
1209182;2.3;19.91;1.5940707207349218;69.27
1008780;1.59;8.11;2.249829684089081;70.82
1201611;1.28;9.09;2.264862136458216;83.66
1471990;1.36;12.76;6.485198687222124;23.6
100190;1.17;12.88;1.9613055426678307;73.29
1049787;1.39;12.27;5.253623188405797;69.15
1143111;1.13;13.09;1.9502400664603872;72.87
1210149;1.75;12.09;2.028991353465813;65.57
1198814;1.11;10.78;13.281169988324695;63.17
1204763;1.53;10.9;23.213789268835143;58.02
1199873;0.77;10.89;28.049372694261837;24.28
1209741;1.27;9.42;5.256469500924214;81.84
1201635;0.71;8.01;17.13933311368494;56.39
1473853;0.96;10.54;14.470667638396462;65.92
1204762;0.27;9.2;30.709227226291276;21.98
1209731;0.62;10.9;13.870863962219484;61.24
1208135;2.19;9.41;13.497454030967384;78.37
1473792;-0.44;17.13;19.911256011525897;77.38
1200242;3.72;14.21;19.770622153924236;72.41
1199547;0.17;9.54;5.446389536032772;29.71
1009133;1.85;16.93;1.7439512457196098;43.98
1008847;1.74;16.51;2.833182738807903;78.35
1049707;1.59;12.44;5.886522925998189;78.43
1205326;1.82;23.08;6.0520739601172675;10.4
112876;1.69;12.52;1.7312689130916659;80.87
1473857;0.68;10.65;4.197073041520429;85.44
1207624;1.98;6.92;0.735300034036459;48.7
108464;2.0;9.81;22.854032466282753;35.74
1010108;1.65;10.35;2.065480315972589;78.56
1010140;1.63;9.95;2.069123436547341;78.7
1201663;1.62;11.67;10.485738343332281;81.72
1205356;1.27;9.92;7.9528635685626075;62.1
1204761;1.79;12.54;5.380173437154182;79.73
1209737;1.23;10.24;24.107248131175375;50.67
1201632;1.74;9.68;25.757371942369637;68.66
1210217;-0.43;5.27;11.544299313162902;65.92
1205331;1.71;8.49;9.798236187794124;69.22
1054053;1.36;9.35;1.0617513080215628;76.18
137364;1.62;7.47;6.03989352597227;45.35
1010604;1.17;13.84;3.9904012745195656;71.45
1010635;1.18;8.44;3.2531556363965506;59.64
1199839;1.07;10.07;4.177519461969248;76.97
1204136;0.57;9.25;3.170861064219234;70.63
1010834;1.53;10.42;7.960115512619223;62.72
1010828;1.24;11.61;3.057695199071359;50.41
1200760;0.6;18.66;4.885855156279335;83.2
1204039;0.95;10.37;3.2663963994915313;45.84
1210212;1.1;8.64;39.74816533202471;41.27
1200544;1.04;15.76;40.752168505895504;38.02
1169073;0.32;10.99;0.41504815909622517;63.74
1200237;1.18;17.96;10.514852459823297;85.57
1205104;4.37;18.45;2.1953406144298855;93.25
1208017;1.54;8.5;4.4457885982156355;69.31
1205329;1.76;11.07;6.352320167865183;83.1
1202910;1.11;10.08;2.473917813731306;74.92
1011235;0.52;15.7;4.195647526774721;72.87
101675;1.4;11.64;2.71076546870022;82.83
112880;1.42;11.21;2.7073856006063464;82.83
1012575;1.13;10.44;26.54945226337001;39.41
1011401;1.31;8.78;11.587252599252912;85.74
1039526;1.35;8.66;11.596844014220224;85.79
1001492;1.35;8.42;2.296067121988452;64.66
1200545;0.85;9.29;3.838809364158479;77.63
1201614;0.92;14.29;5.673948546943374;40.58
1205338;1.52;13.04;5.97350640113798;72.21
1206283;1.19;12.51;5.062177896413419;67.45
1200532;1.34;9.33;9.022804448235352;70.58
1007554;0.43;9.9;4.184344817905608;84.29
1209734;2.02;11.63;3.0208502866236278;86.01
1200526;0.81;8.46;3.0178582046657283;62.08
1011605;1.91;6.12;1.33094145000059;62.13
1011630;1.26;16.68;3.3728337020189487;71.36
1202980;1.81;13.41;5.924229369324357;72.93
1011719;1.69;10.62;4.3145223535934925;62.79
108636;1.58;9.34;12.483240315642249;73.17
1169111;0.56;11.45;3.7843604302173715;75.92
1476171;1.01;16.33;40.71188641556061;41.2
1204302;1.14;13.33;8.65562512025813;64.43
1205404;1.64;18.05;8.744508988409237;69.33
1011965;1.55;17.0;8.742172119683977;69.26
1356090;1.63;11.68;2.6916781300206867;64.76
1210214;2.36;10.19;4.7253575394936655;81.82
1011975;1.52;10.93;2.726966588560522;64.63
1210213;0.39;8.31;16.57561119665872;37.63
1206249;1.61;8.5;10.185802598960828;79.96
1012003;1.14;14.5;14.929606779950474;79.02
1011037;0.76;9.17;12.260503704116497;62.49
1012176;1.09;10.9;4.648447818936353;63.87
1012189;1.25;11.0;1.7363054028135898;76.05
1466273;8.41;16.94;45.64862361079719;42.99
108714;1.46;9.76;0.9650810401159683;65.48
111400;1.35;10.19;0.9688456872169235;65.44
111085;3.54;60.35;63.12014841398871;9.0
1012651;1.55;14.21;1.322364356718337;64.36
1200555;0.68;9.54;5.684945122780586;81.2
115131;1.68;9.15;10.525622173134623;23.12
1209022;2.28;10.97;2.0501070264598726;73.56
1200234;1.53;13.56;19.341842762788357;46.64
1200524;1.53;8.81;12.678515043529254;62.95
112732;1.7;11.67;2.655380328214395;77.93
14528;1.41;10.1;43.47943637511841;37.23
1126690;1.38;93.13;90.90613941105808;0.24
105279;1.39;9.9;39.882930411280384;38.2
100486;1.62;11.17;3.7709191691575064;64.78
102880;1.48;10.88;4.3357106960243925;63.75
115198;0.97;11.0;5.873001295258846;71.35
1202174;2.94;10.73;7.748923772275655;76.07
1208150;1.36;10.0;2.4901155195560536;79.27
112924;1.96;13.7;5.5254965224186385;73.34
110839;0.86;11.88;22.090031351717062;51.82
11687;1.11;13.92;2.945459930792275;66.1
104195;2.05;12.12;5.45923706868924;73.48
1466888;0.92;8.93;1.8187654109684432;71.12
1207004;2.16;9.33;11.895920788303952;74.44
1207956;1.09;10.74;3.4175886725425797;72.13
102883;1.19;10.53;10.142914963352764;59.58
116672;1.48;12.47;10.031904470193785;57.78
114686;0.37;18.09;3.3899477158188143;67.0
105379;0.8;11.53;12.875759423628521;54.21
115154;1.69;13.06;3.492147834806214;64.35
112883;1.54;13.0;3.5626674427081584;63.7
115379;1.75;12.47;2.656315138139103;77.95
116503;0.7;18.16;3.3841531543955305;63.92
112318;0.84;18.46;5.136096614285841;61.86
1202045;1.47;11.91;2.560042548768623;78.74
1209411;1.27;13.91;2.2650304168342146;76.0
1203626;1.06;10.89;98.02381011299906;0.01
102893;1.48;12.18;3.9742494550332172;71.32
110594;1.37;12.17;5.430545468528918;69.57
1443241;3.65;13.4;13.704179101544062;79.82
115260;1.78;10.38;2.9121463188783148;79.08
112866;1.53;9.49;3.0003103276722634;78.78
113802;0.87;12.9;4.304217811922813;49.21
1202991;1.42;13.1;4.548820723532065;78.76
108637;1.16;11.39;2.4379195957545297;64.73
100593;1.19;11.71;2.4383306391220927;64.74
108643;1.78;10.42;4.333670538648371;61.29
115139;1.14;8.42;9.133786357489292;51.87
112915;1.18;10.02;9.140993560275337;51.36
1202899;1.55;11.84;3.1605076979793902;78.86
110589;1.48;10.66;20.116848562602822;49.28
1708;1.56;9.53;16.372698377089016;53.28
1206824;1.73;12.24;5.335162470061737;75.19
142042;1.36;10.68;94.53087689780972;4.39
1202625;1.7;9.51;7.2131067000111795;82.38
1012744;1.45;10.66;4.806854320891418;78.25
100529;1.51;11.52;3.012260301679568;67.05
